805
3257
856
6236
3461
3481
6589
5334
5249
162
2134
2598
9096
8497
5469
2689
2039
2492
3402
3768
701
7347
608
2098
3063
5471
8116
5577
4106
4234
6809
4527
8688
5578
4215
8298
9225
4059
4074
1683
2946
7448
3958
295
9523
8918
5527
1496
6179
7277
4983
4547
566
8580
1433
5070
9510
3640
6307
6270
7951
8504
8568
5794
6628
5776
8259
6224
2720
3409
2208
8746
3495
5417
5716
1357
5019
5124
1677
8934
8634
4766
4147
1520
3172
4131
6142
9710
2826
4006
2449
3793
7570
442
8756
3719
7399
7696
1024
8785
8349
2558
3412
7232
6851
3544
7940
9883
2113
5710
8465
895
1713
2482
6035
2611
3946
5172
5682
3110
5175
7276
3909
4104
454
1619
4001
5250
732
2622
8675
4898
2821
4327
1321
6167
4778
3210
5339
6662
5883
794
6503
3719
5388
5774
5850
1887
1469
811
506
90
3808
30
9136
8308
7871
1526
643
7637
6246
1228
9199
8135
876
6209
3461
3685
527
8434
3900
3714
5981
474
2901
4562
8223
1716
8172
3081
8112
8091
3162
3790
1947
9697
3528
6684
4418
6136
110
9765
4059
4832
1849
1939
8181
1118
1914
2685
840
2245
6363
6946
6234
1027
6093
8389
414
4859
9150
261
4296
8890
614
39
59
8648
912
9826
9475
8062
3125
4791
3134
2094
3075
4795
6052
2307
2749
9555
2904
4022
7885
7675
1527
6185
2181
8947
7374
1348
5282
1942
9128
1067
6353
9464
3956
2888
