29
8237
5324
4889
7343
1909
6809
7634
7546
3560
2592
2872
5588
5865
4779
2583
3368
293
2105
4653
990
3572
8129
2608
6680
1052
3396
7848
8440
4578
8987
1930
5599
381
5311
3426
9216
7977
7496
5005
6995
2341
5357
7888
1030
8602
2746
4361
8270
5128
6816
496
9851
4750
8070
7625
1113
6709
6029
5305
3683
9962
817
177
7698
1623
5499
1708
5794
6637
2051
9042
5286
1632
3075
8294
4850
6879
5127
9555
1302
9774
5089
8301
9339
4866
1385
6551
7462
9448
4449
5953
1321
8562
6102
7515
1113
5551
4642
5706
7402
3174
383
1205
6422
9199
3334
7646
9436
1054
4325
9560
6453
6029
7487
2585
51
2324
4766
845
2722
312
4803
4052
176
493
6958
6793
5145
3257
4425
3616
4170
2023
5358
5324
2023
4069
1657
218
3913
843
9081
8253
7743
1447
848
823
5141
8601
6281
6384
4306
3816
7401
3958
3979
8752
5262
6530
4597
2681
804
6066
2344
597
4182
2553
4895
869
5650
2847
3835
5368
5797
1750
1559
6642
4902
522
1303
789
2751
1556
5449
3470
7509
4012
3534
7566
6889
6152
8098
3027
7846
2741
6326
4995
9115
5296
5375
3813
739
8962
4791
620
9135
4534
7234
1392
2438
9288
4763
8698
7379
6988
1612
8796
2316
9752
9229
5291
1539
1920
8147
667
5893
1404
3962
3077
1119
9207
3117
3095
4625
150
3874
8840
2059
2578
259
7622
9028
773
9415
7534
4873
5213
5791
7448
3042
2064
3964
8396
912
4653
253
3765
9379
7930
7686
8608
6376
5904
2461
9056
4399
8975
2350
7906
5835
8238
9151
7416
2643
9843
9149
661
7637
9259
1173
5044
9562
1943
2095
3637
3541
9076
3796
2852
6277
4021
5136
1687
2201
7423
3234
6869
6835
6625
7025
5470
7733
9565
4953
1674
2968
9175
9619
3346
8508
1050
130
6581
1130
8305
425
4024
5141
2953
2107
7422
30
3472
6698
6735
6647
4089
4209
6408
4047
9104
5629
9438
5148
5732
1686
2864
1287
2358
3131
3897
1041
4269
5835
4623
8660
1603
8864
3931
1156
6207
502
4005
2980
2223
1450
5819
8452
1410
7517
1582
8808
1904
4424
393
2709
5111
9433
9230
5732
2883
7691
1183
8105
1624
5748
9062
2173
2239
4200
2450
3879
5243
826
8382
6873
2503
4627
9535
5270
1342
2075
7674
3218
9446
7252
4112
2290
4185
5671
5928
4275
4242
4582
487
2486
97
5024
958
1688
3035
1523
7775
2576
6305
5835
1037
5810
4522
3608
4176
3057
2448
3375
1794
6337
4068
3975
5097
6825
3455
995
8561
3079
6855
2799
3046
6878
5178
9908
9706
6923
7306
7958
5257
2918
2276
5500
3223
4387
6606
2479
9969
2919
6445
5931
7561
1400
2496
2116
8312
4446
7821
4034
8927
1781
566
3788
2030
340
8632
227
1584
7608
1935
4981
9297
218
2041
8562
9918
6511
2998
8059
6679
2654
1624
2102
8563
8348
2669
8958
5568
2643
2326
7112
4228
2113
8564
3152
1398
1309
6062
2689
6211
8148
5249
7508
2445
7394
3412
4240
5030
9420
2806
7088
3797
5865
9143
4498
1331
6065
7232
4027
6613
62
6719
1096
7558
63
7811
4431
9296
5452
3409
9636
4390
6547
7041
5223
4689
2273
2264
4731
5509
124
2034
2178
2688
2125
7131
1123
8974
3451
2795
2014
8380
2898
1852
182
3607
3955
5369
7965
3392
1829
677
6957
3742
3081
9764
3506
6416
2315
522
5846
5806
8948
5934
4452
3322
3644
2011
9518
1625
7501
4915
7978
9880
7987
3952
6551
236
1472
6761
5597
8186
3772
2701
867
9488
3241
111
6474
6046
7748
8718
1270
3957
7256
8911
5772
5674
5004
8825
8215
2006
6573
2621
9221
4317
5094
6144
623
7977
1915
4695
341
6819
9142
1614
3959
5726
1368
9044
3265
1328
7649
8215
6846
2605
6859
4743
1293
9345
1153
6762
3553
4298
9837
1228
4146
5088
6702
6208
6593
930
792
1719
3768
8511
4357
5531
3776
925
8554
3049
220
9897
5253
8954
2947
6108
3618
8956
7147
6917
1981
993
2865
8937
6385
9300
2261
6293
6191
387
737
1819
8827
5933
8362
6976
8624
9882
5120
6609
3939
9361
4288
1613
3509
5914
5928
2708
3537
5153
9274
9306
3542
8883
3146
711
8639
2137
4690
7006
6222
2750
5124
7624
8839
6990
5711
6237
4760
2125
5003
2142
9334
1473
9743
2049
4451
2044
9554
2666
476
4314
1022
115
6655
8740
432
8328
122
6575
9724
6545
3613
6948
3150
3021
7857
8797
9787
919
9283
9112
1222
9064
6425
4971
6958
6809
1525
3556
9157
642
9879
7244
1083
2948
2972
6712
9385
8096
1061
5146
8633
2546
4563
2459
8594
1565
6157
8861
2290
5028
1796
5265
853
5042
8110
8244
6370
3351
2078
8854
3876
5792
5061
6329
2773
4194
450
4338
6278
7314
4709
9663
9340
980
3521
1589
2037
2110
8015
1636
1320
7912
927
2313
4267
9394
4314
8929
3549
8242
1859
8197
2579
9768
1403
2214
7424
8640
2500
6950
4782
5428
9725
8753
5897
2507
6060
1782
7146
7426
1147
3910
1298
4917
3225
4455
8124
4443
1936
8869
8533
6363
8871
8630
5159
6078
8381
7080
7233
9746
3846
26
8098
3000
6931
2932
7460
7244
7289
8691
3382
2527
2324
2437
1490
7266
1301
3309
6589
8448
6438
8468
5436
5688
7342
8828
2916
8294
6927
8370
1274
3565
1005
4624
9177
2100
6585
9164
3185
6810
2364
1840
5869
2615
47
918
4973
9184
4935
5456
5170
9910
4046
5906
3496
2940
1052
157
2557
1380
8277
9944
7456
4613
4875
8893
1877
986
4628
9309
1220
9130
2551
7409
737
3439
2320
4494
791
6149
5075
9908
9134
7906
1949
3043
7580
8588
422
1162
1047
4571
1666
9086
2103
1868
3494
7716
2090
6431
4040
5227
8898
7119
1632
4553
9529
3851
6075
2896
7364
6741
7150
1676
6437
9334
3575
8892
4587
8139
3550
1114
4069
6561
9051
8361
883
6601
6770
8554
2397
1287
2329
2491
4445
9997
3258
3309
9063
5487
8995
4640
7337
8307
1867
9869
8749
3015
7391
2479
3915
8174
6427
3327
4523
7640
7732
5083
2905
6669
4209
2595
5041
5222
618
9679
2602
2137
5001
4272
2943
6415
2989
3522
24
835
3438
2826
9815
1641
3499
1522
1103
568
2494
4702
8159
4149
4593
106
747
8190
985
2098
1019
576
6032
9117
8925
4534
8898
8103
6902
15
6414
9802
9766
6393
1644
5896
3690
3408
2797
9544
7306
6861
3277
8826
6530
4349
7301
5161
6238
6383
8749
8588
8431
3273
3919
2248
5418
3816
4904
3030
7536
1602
6055
6396
3896
8667
5095
4491
295
5839
3130
6101
8306
8114
5659
7992
9931
4962
8885
5996
7703
1077
9378
8997
3424
7093
4315
1860
2966
9412
975
4064
2992
3806
8943
1645
1888
8874
7269
8839
6389
7660
581
3565
2170
8554
1980
8652
219
1721
9397
295
8488
8563
3467
4416
8386
6519
8120
2726
9555
4478
8763
5754
2586
6981
7432
7904
484
1916
8330
4959
6438
970
8820
6196
7270
2826
2197
9562
9161
582
2713
5982
4951
6350
5404
578
3803
245
8585
7072
9078
521
6753
2872
7427
2029
5879
7656
1062
1476
9849
9096
5374
6876
7113
1183
9897
9861
3577
8773
4903
365
5828
4309
7734
4393
4953
5406
1820
2433
8739
5896
1332
2137
9140
5582
4559
6488
8016
3691
9212
5479
5061
261
7618
4263
985
8321
7641
2111
444
9665
5593
6753
588
625
4267
7208
6359
3706
4427
9105
6010
1456
7999
9090
6616
5375
1985
203
4967
7613
200
2264
4981
1643
4325
2832
5192
3549
4249
9517
6994
9476
3156
5144
9795
2629
8072
704
7608
1752
6044
2279
3730
78
7132
4858
2898
6303
5582
6154
6544
7008
2176
2523
9098
2830
2316
217
4745
7353
2957
7202
2992
6864
5964
8501
6574
8069
3075
5428
4515
780
7074
6536
7006
3429
912
8866
5989
2388
5817
9913
5198
1897
6086
325
3578
3729
3115
3383
1090
793
6713
9539
521
1978
8836
4875
2704
4645
7422
9945
3065
9435
3762
632
4660
5642
1901
8848
3173
9504
1895
7916
1366
653
1568
5050
7000
121
5429
8686
4309
9103
9697
7123
9153
5557
2064
879
3855
985
7711
6034
3888
7945
767
2347
7286
671
4345
9591
9110
7095
9355
5303
1340
4383
9552
7260
4408
3610
5982
9730
6151
7392
8313
118
2301
3238
469
8470
1901
3477
6377
371
523
4778
2750
1221
9624
3610
4086
3692
3069
8831
6858
686
6787
2547
5308
7122
3375
2391
6491
375
7195
4849
9957
9921
3615
3489
535
4978
623
9838
4079
9105
6030
4209
3267
8170
7168
8717
5162
466
2781
4026
7368
8724
8433
5277
8327
7693
3088
9125
9808
1
5655
6581
4905
8136
9166
3449
281
9160
2009
5575
3367
4191
5294
4483
5377
9214
1664
7758
2440
2269
8506
5308
4871
3279
6792
449
1701
6307
8031
7736
1520
9459
445
4784
4090
6573
2491
1107
5456
9548
7823
8131
8276
7218
1197
4179
1452
5268
8158
2224
3635
2754
5481
2459
94
5537
9085
4884
921
4343
9281
1907
1408
7395
4002
4838
2698
102
8956
9971
4815
9762
4484
7704
6154
2285
2721
4711
5513
4290
8091
5047
8193
8756
1980
7081
2559
5552
6724
8408
1481
6974
1336
9803
4947
3603
3962
4379
2494
391
276
4540
5371
7070
3213
9258
7181
6373
5150
2656
6523
3946
4078
3496
5669
2360
9417
3450
830
6046
4384
6515
6712
4011
8330
6836
9390
9241
9049
3
8074
739
9287
2051
1191
5075
782
3915
9760
8764
5847
6597
7175
9345
2490
7781
1794
7537
6292
5604
7216
8560
8839
3304
1594
5315
1307
7361
5988
9351
306
4243
9138
3694
4889
4891
1352
727
3643
8032
905
3369
8496
1896
8913
2236
9474
5572
4990
2372
6880
4249
8889
7530
4779
187
9763
8121
2989
8071
1514
6962
3706
7470
9403
5981
6287
6586
1441
8028
2791
2462
6139
1981
3853
4446
4204
7149
8571
3031
5148
2212
2832
8157
6172
2928
1345
6768
3527
8113
2678
9370
9571
3022
1749
1832
5175
5395
3756
7634
7735
6072
4583
9496
6154
9503
7074
7082
9773
7129
5273
820
1792
5701
3163
9845
2654
4486
6460
4651
3562
4176
5113
1277
1076
607
2919
4709
7867
9604
4245
199
8701
1197
5120
1890
282
96
5204
1185
8839
8164
3183
8510
174
5388
4434
3973
1650
9072
5650
6257
2560
537
4875
837
1009
6985
6355
5961
5228
3141
4316
7374
1880
6993
6931
6736
5903
7062
4070
951
1486
8738
2659
314
1210
8508
5691
33
1660
6002
3125
9269
8429
9889
1919
5942
2445
9696
8975
232
6508
889
2519
3051
7963
1126
999
5190
2653
1076
7917
2032
520
2678
103
9226
2872
2217
4537
3164
3714
2799
6410
8794
1573
3899
1017
9715
1452
6968
7805
5751
945
3541
3689
8130
4971
1905
9310
568
4584
5663
1275
1903
4502
6998
7856
7892
140
3720
1472
6555
8645
8765
1477
1510
7132
107
8557
1313
1971
4980
9362
5352
9229
4828
5255
4630
9500
1670
1806
2299
7940
7386
9926
6360
2639
4917
274
8826
4522
5660
5509
1969
7900
7358
2361
3869
3062
3510
6895
5524
5206
3802
6001
8721
3702
8019
2900
8972
3601
8025
2105
7426
3238
8810
4913
1393
8724
2118
8640
2306
2134
8170
4395
2804
2632
3559
2108
9713
8711
63
2548
9599
5352
3948
2960
4021
8014
4317
4580
3031
7791
6493
4787
6081
1200
3345
5777
1308
9516
3470
6608
1727
3108
7253
9638
677
5392
5453
1840
5351
9235
6507
7215
775
2541
671
8721
744
2683
5806
7419
4364
8745
1960
4290
7212
167
9350
8601
7518
8649
1346
9188
4870
8744
2402
7211
8203
1862
4562
1290
8756
4975
6829
2773
79
7658
8872
7961
4654
1055
4075
2142
687
1363
3293
8056
3815
4783
4219
573
9114
2271
3460
3217
5337
6342
2436
9276
8936
2478
3931
5437
5275
9501
4105
5449
4124
1539
3033
4988
428
8464
5143
4975
7044
1875
4047
8474
4774
6028
1380
177
8693
4691
4889
9354
8013
9890
6927
6191
6209
7757
9548
4623
2880
9794
7092
8431
3186
1579
3191
1645
852
4497
2775
6021
2766
8954
2708
140
5134
4419
933
3082
3491
3032
4325
6629
6711
9376
2200
5064
2793
7142
2217
6050
2167
6978
433
2843
3621
1783
9574
3009
8188
7509
6334
2513
2882
9406
5358
6722
6881
9958
7651
1899
4599
5555
6268
4868
6522
1492
7506
2105
4037
622
69
7947
1300
6482
1381
8913
8328
2922
570
7421
455
1442
8784
1257
5667
3875
7074
5855
9797
9850
994
4216
6902
9928
3810
4140
7546
5187
242
5192
9945
1161
8822
3358
3003
9572
2963
2806
5328
5321
3014
2674
6105
2987
1122
3120
3830
6988
8324
120
2813
2020
7764
9093
7092
3274
3706
321
7915
6847
5931
3048
729
7194
3487
1871
6497
2558
5424
941
1552
7031
3920
5479
7270
3763
1415
6826
2655
238
2920
4977
6509
9094
431
1015
9700
5822
5690
7670
6305
8573
1841
9102
9544
4054
659
5697
5129
8306
8574
1739
1101
7593
1003
2607
3283
4736
1220
2924
2721
8477
1922
9262
9513
4678
9159
9473
6619
5511
2309
7537
97
7841
3481
76
7755
6400
4024
7209
8006
6245
9844
2146
4251
8819
7226
5309
5474
1989
1196
4345
6882
908
726
2643
8054
2662
7487
599
9229
2425
174
9476
5853
2960
7430
3976
4677
5116
1376
6363
974
3868
403
5240
2686
2103
4275
838
361
5558
8563
9845
6275
2991
5064
99
8470
4364
7259
4430
365
3369
3626
6740
2619
860
9885
2678
1611
1440
272
4987
6181
8474
7938
848
8185
4652
9096
1822
5051
695
8350
8628
9787
5547
3707
2547
3695
9642
8144
9625
2544
2619
2510
3236
6590
1627
9649
1208
8593
141
6140
12
5453
3122
7490
9823
368
7636
8430
5448
7516
4764
1072
3259
2540
4771
4549
2599
4580
9366
9105
9356
7785
1874
6012
9450
7914
767
5894
8932
4490
5482
2664
52
507
3898
1657
5112
7769
4211
57
5098
720
2105
4078
109
5002
4044
9400
3763
8841
8338
9875
59
5582
7331
5209
4296
7667
926
497
125
8059
7976
9096
4437
4260
7476
746
1887
9846
5694
9325
5302
8091
882
1211
7278
6667
2058
7450
5722
4850
4980
1673
9467
1520
2305
6953
7827
2622
8634
4069
7400
456
4750
9968
195
2491
5670
2154
2584
5980
3257
6990
9281
8258
9659
1675
6275
8577
2736
3917
4817
7508
527
7111
8575
406
9681
2128
9871
8301
8745
5751
3575
7764
8125
3492
5140
4036
275
7132
3016
4462
2247
1264
5214
2071
6088
739
4942
5712
5123
1830
7900
849
3222
1922
59
5570
8151
7010
7631
7942
9309
1290
2752
644
508
471
4299
4851
2878
3941
9490
9409
5549
9543
6851
2544
5197
3286
1318
1998
2358
2649
8687
4623
8383
7758
2388
5257
6390
2514
1113
4460
5900
2050
7127
6444
4669
3791
4347
5196
637
8392
5370
8489
6990
4214
6626
4240
734
7449
6972
8813
3325
1898
2894
3825
6157
5053
5101
2623
1970
3974
3855
3603
8265
5956
7598
9503
4916
3006
1385
5284
9715
3609
8644
9641
9199
6387
2048
5707
7999
3791
7638
6945
9742
1757
7756
2203
8804
4133
4122
919
6448
5968
7846
5647
7367
5844
8235
7570
9206
330
2936
7565
7268
6109
8805
7542
563
8288
7425
9477
6901
7277
1431
5696
5914
8662
8446
7089
2023
8266
255
7702
4115
3222
9154
7332
1932
5972
3585
4521
7543
9013
718
6669
7572
2167
4864
8244
2175
2515
7912
6051
1090
1141
9075
8252
1240
6105
2520
6183
9452
6719
3937
7999
1648
4666
1510
5175
7259
4186
7268
9191
8490
1364
6685
1383
1286
4971
9850
4502
7398
4670
2555
8151
2859
6382
3358
8681
6313
1497
2206
1202
8502
5304
7763
2727
9531
8161
9543
1594
7191
9530
5993
8753
5747
9979
6202
9823
2384
6526
213
1857
6957
4614
6940
1671
5748
3017
5181
3308
1652
9052
3779
9828
5721
9625
3513
7010
3431
7439
905
9715
6470
7271
3091
1850
5543
1438
841
169
101
6004
4295
5529
6647
1919
2016
5126
6690
621
1667
8425
7451
2388
9373
883
7961
9336
9528
5635
5593
7000
8176
2997
5419
8565
2070
8856
4906
6737
8302
9177
3961
1775
7587
4417
5977
8301
9947
4856
6807
4395
5333
2260
6770
5735
4926
3330
3194
7110
946
2880
1588
6528
480
2340
8538
1049
2263
6605
879
3368
5612
8148
8416
9894
7998
8622
1318
3188
6944
8737
1624
2153
3429
9632
9758
7559
9627
1077
2544
7561
2877
3114
1677
1371
8396
2740
9207
8662
7448
2957
7787
1431
9449
9245
5150
5434
6026
3123
803
856
9493
9285
4522
6970
4825
7346
3186
5625
8791
5392
3727
1812
1965
1320
2935
7133
1545
7418
9110
4288
912
9357
33
321
9735
7639
6631
4753
2237
3222
9268
8941
5788
1625
7839
2499
7060
5790
2787
2593
8360
280
3947
2140
884
5196
6934
7626
5691
9608
5531
9740
2656
8753
7542
6876
4010
2936
2991
1551
3291
3433
348
2982
9625
4495
1693
1255
8107
6807
3605
1283
9872
4655
4200
3908
3000
2587
8192
5989
5222
3716
2682
7614
349
2461
253
4090
7784
1956
970
8438
7158
8016
9567
9641
5858
2477
9622
5563
1137
4946
2331
1299
4484
6539
6682
9457
8189
8872
6279
932
686
4945
6999
5080
9596
6852
9851
5760
8355
7149
1597
5837
8532
496
7282
7832
185
3958
9120
4178
8458
8754
4825
853
4759
8511
5366
4821
5173
9544
8831
857
4406
4771
8486
1441
1713
7227
675
2643
6512
24
9114
4613
4488
1293
5321
9353
388
9502
2637
8864
7642
9916
7509
3596
9023
6255
622
1927
6790
8159
1741
4745
7507
9358
9547
7482
4350
4213
9498
8181
7107
2906
7702
5236
5751
8683
5367
126
5669
426
4547
3002
1286
548
288
7822
9022
4591
3367
5497
8243
3248
5780
2809
4073
3815
1754
5897
4217
4647
9075
8459
8448
4758
5797
9598
8211
2461
9153
9308
1904
9532
9269
1091
8016
6702
8768
9854
9209
3892
1493
8143
1808
480
1225
2139
4956
3984
6455
7281
4533
6741
7043
6313
8682
5472
908
4886
50
2952
7690
6055
5003
6778
886
4751
6447
8957
3529
9807
7572
3168
1229
9229
9122
2019
1743
244
8719
431
4134
8823
9862
7027
1166
5075
9239
6796
3917
1072
8168
1519
9607
7923
8408
6022
9468
8803
1876
4758
6798
3302
6195
3417
8897
1096
1804
5724
1691
2632
3991
6311
9628
462
6753
4420
9111
124
1609
7262
1997
2209
4807
5736
1227
3284
2236
5894
9690
8307
5253
3244
9844
135
3369
6818
438
9876
2242
8720
4433
8410
6248
9196
427
1979
9865
8637
9986
2778
4837
106
8305
8636
789
9572
5755
9838
7627
8093
3459
4866
3941
8180
2350
5255
7323
6191
4977
8259
5544
6339
7844
7104
1542
9618
3672
2961
7554
6673
8644
3872
2702
5189
8523
9349
6101
2842
7850
7268
2601
624
3901
8356
8264
3506
7921
9400
9613
6532
612
2859
1651
7192
7065
6189
4533
3565
3527
9108
6592
9173
2561
1441
3370
7554
1360
7985
6283
9308
6365
2220
1369
5889
2523
4269
4579
2265
624
2991
8371
2469
613
6224
8614
4564
2675
8212
8056
7921
8061
9657
1752
6621
7020
9042
8859
9044
6837
1795
9820
1215
711
4840
561
4533
3153
6610
7641
7342
5088
623
2977
7670
8310
741
501
9467
3414
7435
2532
9987
2988
9379
2765
828
9226
6280
1446
2913
5004
1408
2139
1798
4445
6574
6195
6849
819
1687
3150
2869
1973
7742
2234
172
6861
8958
2005
7056
9736
6308
429
6294
8441
3335
8851
2727
6126
8213
1646
7021
3147
6283
6156
3958
8834
9648
9459
9112
1989
3935
3238
8257
1714
3583
2211
7898
6764
3216
1321
1320
138
2292
4215
910
1785
4568
4271
8978
9405
1566
553
9082
5429
7433
1188
691
4587
6867
4055
1950
7995
9934
5782
9384
8107
9813
2048
8212
3785
3326
7845
3942
5507
8032
2197
3983
5214
2667
6852
416
8650
631
9977
2269
5485
7596
7590
8976
6268
4859
5041
8231
6985
3385
7601
9563
2869
1798
1317
9550
4630
5453
30
9552
4
2122
5964
8829
350
4322
2134
4726
5466
916
8835
155
6873
7739
6934
2595
1224
9516
5735
8391
947
291
9595
5921
8276
7444
7109
2492
6553
5520
2518
7976
7140
7575
176
204
6667
2996
489
952
1984
8841
8283
3895
6587
999
5208
2173
8500
4890
4218
9875
1261
5920
4825
8252
4427
436
3621
3858
4837
4507
2627
5586
6036
1818
5029
8417
4219
3282
9858
121
1265
7418
9317
1461
9961
9447
9793
9445
5907
3337
609
7661
3787
7381
3245
4224
6350
5643
8761
2005
6909
6643
4216
6355
8411
6281
1887
5439
4784
738
5924
7582
336
9738
2900
5337
5926
8156
8515
2509
2489
8173
4879
8779
2609
7157
4670
3427
8435
3371
1365
3383
2455
300
1850
3759
2923
5623
4289
2394
3536
6408
1683
8875
6882
7503
8909
7927
8246
5740
1541
8009
7387
4058
6375
7216
4131
6725
2973
4919
2475
8633
9085
3950
8390
6376
3292
3466
4824
8440
7664
5398
206
1399
3508
7187
9515
3835
8420
2596
3468
4090
6280
6079
2205
3411
8366
1744
2533
6664
416
2000
1980
1017
9716
1709
3486
4797
4866
3095
2983
3023
7936
9127
1581
4275
5529
1643
4397
2900
9405
1474
2014
6331
2434
433
8018
2446
8872
495
3003
9554
7674
7652
9274
6862
3071
2472
6914
5791
7168
2763
9500
2705
9909
7793
7155
3089
2537
7
5455
4620
7660
8087
1647
8578
1814
9347
9535
9581
6520
3986
7961
3832
7631
6244
5208
158
4530
4868
9144
3873
3515
1881
5754
3683
3474
2088
3395
2932
245
9386
3635
3624
8308
262
8419
8020
184
1915
8359
8885
6340
4891
7540
8670
9475
4167
731
2220
2785
1139
5939
1079
6982
9446
3749
5127
2429
833
6577
5424
8547
4057
2590
1404
7130
1635
6478
3044
1997
1403
5295
9546
3278
5328
5758
5350
5611
367
2951
4555
3727
7451
9175
198
9237
4102
2130
6114
6520
1167
6128
3722
3077
7768
579
1756
9762
610
4404
4278
792
2135
1755
4145
7419
9940
6364
9542
5226
1217
6574
3217
8658
8911
7112
897
7965
7821
1141
2392
6104
1814
5590
4869
4354
330
7846
8620
8832
7911
409
6607
4381
1717
9261
9995
5295
4731
3555
4658
4325
6241
3623
6464
6748
7747
7018
7740
673
6654
9425
9837
8272
2058
2198
9558
4283
6932
4940
1664
1799
775
8657
5874
3808
294
4412
3071
877
8057
9525
701
7006
3570
6628
3789
4530
7147
6305
4620
5205
4029
2603
5861
2758
7439
5156
6400
2006
794
1785
6971
7548
6549
1616
2916
7094
9761
3818
9584
7258
4659
8791
7723
1323
1801
8217
1900
6935
1899
481
1076
2173
4896
38
4932
8492
2106
5108
8328
7238
2191
2288
5603
35
6580
2714
392
4994
1880
7211
9074
7194
6315
2046
8545
2735
9689
667
7602
9009
1047
2446
1513
1262
2409
4199
5565
8999
3293
9594
8785
3759
9064
5238
8075
3520
4106
1379
6130
2360
1760
1348
5289
2449
1079
7724
546
9567
2248
8190
3041
5522
2756
2252
1710
9579
2637
8337
614
4795
7054
9834
4639
6758
216
1550
9414
263
5130
1087
3735
7997
7421
8553
5864
4707
889
279
4018
3102
2920
7301
9613
2207
5781
9023
8104
1048
4639
8521
8897
8267
4224
1480
5367
2206
3876
7805
2025
5211
6009
8850
9706
932
9426
2413
8724
6227
3303
6289
4998
752
6621
9924
4364
300
3150
636
6378
1497
324
8450
6612
9212
6823
4120
9644
2795
608
8022
889
3153
8617
544
7008
7889
7428
5284
5650
3015
